40
60 80 100 
1 1 0
120 80 60 144
1 1 1 0
60 80 120 100
1 1 1 0
120 80 60 144
1 1 1 0
80 120
1 1
80 60 160
1 1 1
80 120 160 60 100 170
1 1 1 1 0 0
80 60 160 120 144 200
1 1 1 1 0 0
80 120 160 60 100 170
1 1 1 1 0 0
80 160 120 144 200
1 1 1 0 0
160 60 80 170 100
1 1 1 0 0
160 120 80 60 200 144
1 1 1 1 0 0
160 60 80 120 170 100
1 1 1 1 0 0
80 120 160 60 200 144
1 1 1 1 0 0
160 80 120
1 1 1
80 60 160
1 1 1
80 120 160 60 100 170
1 1 1 1 0 0
80 60 160 120 144 200
1 1 1 1 0 0
80 120 160 60 100 170
1 1 1 1 0 0
80 160 120 144 200
1 1 1 0 0
160 60 80 170 100
1 1 1 0 0
160 120 80 60 200 144
1 1 1 1 0 0
160 60 80 120 170 100
1 1 1 1 0 0
80 120 160 60 200 144
1 1 1 1 0 0
160 80 120
1 1 1
80 60 160
1 1 1
80 120 160 60 100 170
1 1 1 1 0 0
80 60 160 120 144 200
1 1 1 1 0 0
80 120 160 60 100 170
1 1 1 1 0 0
80 160 120 144 200
1 1 1 0 0
160 60 80 170 100
1 1 1 0 0
160 120 80 60 200 144
1 1 1 1 0 0
160 60 80 120 170 100
1 1 1 1 0 0
80 120 160 60 200 144
1 1 1 1 0 0
160 80 120
1 1 1
80 120
1 1
80 60 120 100
1 1 1 0
80 120 60 144
1 1 1 0
80 60 120 100
1 1 1 0
80 60 144
1 1 0