40
60 60 100
1 1 0
60 60 60 100
1 1 1 0
60 60 60 100
1 1 1 0
60 60 60 100
1 1 1 0
60 60
1 1
60 60 60
1 1 1
60 60 60 60 100 100
1 1 1 1 0 0
60 60 60 60 100 100
1 1 1 1 0 0
60 60 60 60 100 100
1 1 1 1 0 0
60 60 60 100 100
1 1 1 0 0
60 60 60 100 100
1 1 1 0 0
60 60 60 60 100 100
1 1 1 1 0 0
60 60 60 60 100 100
1 1 1 1 0 0
60 60 60 60 100 100
1 1 1 1 0 0
60 60 60
1 1 1
60 60 60
1 1 1
60 60 60 60 100 100
1 1 1 1 0 0
60 60 60 60 100 100
1 1 1 1 0 0
60 60 60 60 100 100
1 1 1 1 0 0
60 60 60 100 100
1 1 1 0 0
60 60 60 100 100
1 1 1 0 0
60 60 60 60 100 100
1 1 1 1 0 0
60 60 60 60 100 100
1 1 1 1 0 0
60 60 60 60 100 100
1 1 1 1 0 0
60 60 60
1 1 1
60 60 60
1 1 1
60 60 60 60 100 100
1 1 1 1 0 0
60 60 60 60 100 100
1 1 1 1 0 0
60 60 60 60 100 100
1 1 1 1 0 0
60 60 60 100 100
1 1 1 0 0
60 60 60 100 100
1 1 1 0 0
60 60 60 60 100 100
1 1 1 1 0 0
60 60 60 60 100 100
1 1 1 1 0 0
60 60 60 60 100 100
1 1 1 1 0 0
60 60 60
1 1 1
60 60
1 1
60 60 60 100
1 1 1 0
60 60 60 100
1 1 1 0
60 60 60 100
1 1 1 0
60 60 100
1 1 0